Algorithme utilisé : A* (Manhattan)

Liste des sommets du plus court chemin trouvé : 
0
101
102
103
104
105
106
107
108
109
110
111
112
113
114
115
116
117
118
119
120
121
122
123
124
125
126
127
128
129
130
131
132
133
134
135
136
137
138
139
140
141
142
143
144
145
146
147
148
149
150
151
152
153
154
155
156
157
158
159
160
161
162
163
164
165
166
167
168
169
170
171
172
173
174
175
176
177
178
179
180
181
182
183
184
185
186
187
188
189
190
191
192
193
194
195
196
197
298
398
498
598
698
798
898
998
1098
1198
1298
1398
1498
1598
1698
1798
1898
1998
2098
2198
2298
2398
2498
2598
2698
2798
2898
2998
3098
3198
3298
3398
3498
3598
3698
3798
3898
3998
4098
4198
4298
4398
4498
4598
4698
4797
4796
4795
4794
4793
4792
4791
4790
4789
4788
4787
4786
4785
4784
4783
4782
4781
4780
4779
4778
4777
4776
4775
4774
4773
4772
4771
4770
4769
4768
4767
4766
4765
4764
4763
4762
4761
4760
4759
4758
4757
4756
4755
4754
4753
4752
4651
4550
4450
4350
4250
4150
4050
3950
3850
3750
3650
3550
