Algorithme utilisé : A* (Octile)

Liste des sommets du plus court chemin trouvé :
0
101
202
303
404
405
406
407
408
409
410
411
512
513
514
515
516
617
718
819
820
821
822
823
824
825
826
926
1026
1027
1028
1029
1030
1031
1032
1033
1034
1035
1036
1037
1038
1039
1040
1041
1042
1043
1143
1243
1242
1241
1240
1239
1238
1237
1236
1235
1234
1233
1232
1231
1230
1229
1228
1227
1226
1225
1224
1223
1222
1221
1220
1319
1318
1317
1416
1515
1614
1713
1812
1911
2011
2111
2211
2311
2411
2512
2613
2714
2815
2916
3017
3118
3119
3120
3121
3122
3123
3124
3125
3126
3127
3128
3129
3130
3131
3132
3133
3134
3135
3136
3137
3138
3239
3340
3441
3542
3643
3744
3845
3946
4047
4148
4249
4350
4451
4552
4653
4754
4855
4956
4957
4958
4959
4960
4961
4962
4963
4964
4965
4966
4967
4968
4868
4768
4767
4766
4765
4764
4763
4762
4761
4760
4759
4758
4657
4558
4559
4560
4561
4562
4563
4564
4465
4364
4263
4162
4161
4160
4159
4158
4057
3958
3959
3960
3961
3962
3963
3964
3965
3966
4067
4167
4267
4368
4369
4370
4371
4372
4373
4274
4175
4176
4177
4178
4079
3980
3879
3778
3777
3776
3775
3774
3773
3672
3671
3670
3669
3668
3667
3666
3665
3664
3663
