Algorithme utilisé : Dijkstra

Liste des sommets du plus court chemin trouvé :
0
1
2
3
4
5
6
7
8
9
10
11
12
13
14
15
16
17
18
19
20
21
22
23
24
25
26
27
28
29
30
31
32
33
34
35
36
37
38
39
40
41
42
43
44
45
46
47
48
49
50
51
52
53
54
55
56
57
58
59
60
61
62
63
64
65
66
67
68
69
70
71
72
73
74
75
76
77
78
79
80
81
82
83
84
85
86
87
88
89
90
91
92
93
94
95
96
197
298
398
498
598
698
798
898
998
1098
1198
1298
1398
1498
1598
1698
1798
1898
1998
2098
2198
2298
2398
2498
2598
2698
2798
2898
2998
3098
3198
3298
3398
3498
3598
3698
3798
3898
3998
4098
4198
4298
4398
4498
4598
4698
4797
4796
4795
4794
4793
4792
4791
4790
4789
4788
4787
4786
4785
4784
4783
4782
4781
4780
4779
4778
4777
4776
4775
4774
4773
4772
4771
4770
4769
4768
4767
4766
4765
4764
4763
4762
4761
4760
4759
4758
4757
4756
4755
4754
4753
4752
4651
4551
4451
4351
4251
4151
4051
3951
3851
3751
3651
3550
